   0.0000000e+00   0.0000000e+00
   8.5085085e-02   6.2894333e-03
   1.7017017e-01   1.2578618e-02
   2.5525526e-01   1.8867305e-02
   3.4034034e-01   2.5155245e-02
   4.2542543e-01   3.1442191e-02
   5.1051051e-01   3.7727893e-02
   5.9559560e-01   4.4012102e-02
   6.8068068e-01   5.0294570e-02
   7.6576577e-01   5.6575049e-02
   8.5085085e-01   6.2853290e-02
   9.3593594e-01   6.9129045e-02
   1.0210210e+00   7.5402065e-02
   1.1061061e+00   8.1672102e-02
   1.1911912e+00   8.7938908e-02
   1.2762763e+00   9.4202236e-02
   1.3613614e+00   1.0046184e-01
   1.4464464e+00   1.0671747e-01
   1.5315315e+00   1.1296887e-01
   1.6166166e+00   1.1921581e-01
   1.7017017e+00   1.2545803e-01
   1.7867868e+00   1.3169529e-01
   1.8718719e+00   1.3792734e-01
   1.9569570e+00   1.4415393e-01
   2.0420420e+00   1.5037482e-01
   2.1271271e+00   1.5658976e-01
   2.2122122e+00   1.6279851e-01
   2.2972973e+00   1.6900082e-01
   2.3823824e+00   1.7519644e-01
   2.4674675e+00   1.8138514e-01
   2.5525526e+00   1.8756665e-01
   2.6376376e+00   1.9374075e-01
   2.7227227e+00   1.9990719e-01
   2.8078078e+00   2.0606571e-01
   2.8928929e+00   2.1221609e-01
   2.9779780e+00   2.1835807e-01
   3.0630631e+00   2.2449141e-01
   3.1481481e+00   2.3061587e-01
   3.2332332e+00   2.3673121e-01
   3.3183183e+00   2.4283719e-01
   3.4034034e+00   2.4893355e-01
   3.4884885e+00   2.5502008e-01
   3.5735736e+00   2.6109651e-01
   3.6586587e+00   2.6716262e-01
   3.7437437e+00   2.7321815e-01
   3.8288288e+00   2.7926288e-01
   3.9139139e+00   2.8529657e-01
   3.9989990e+00   2.9131896e-01
   4.0840841e+00   2.9732984e-01
   4.1691692e+00   3.0332895e-01
   4.2542543e+00   3.0931606e-01
   4.3393393e+00   3.1529094e-01
   4.4244244e+00   3.2125334e-01
   4.5095095e+00   3.2720304e-01
   4.5945946e+00   3.3313979e-01
   4.6796797e+00   3.3906337e-01
   4.7647648e+00   3.4497353e-01
   4.8498498e+00   3.5087005e-01
   4.9349349e+00   3.5675269e-01
   5.0200200e+00   3.6262121e-01
   5.1051051e+00   3.6847539e-01
   5.1901902e+00   3.7431500e-01
   5.2752753e+00   3.8013980e-01
   5.3603604e+00   3.8594956e-01
   5.4454454e+00   3.9174405e-01
   5.5305305e+00   3.9752305e-01
   5.6156156e+00   4.0328632e-01
   5.7007007e+00   4.0903364e-01
   5.7857858e+00   4.1476478e-01
   5.8708709e+00   4.2047951e-01
   5.9559560e+00   4.2617761e-01
   6.0410410e+00   4.3185885e-01
   6.1261261e+00   4.3752301e-01
   6.2112112e+00   4.4316986e-01
   6.2962963e+00   4.4879918e-01
   6.3813814e+00   4.5441075e-01
   6.4664665e+00   4.6000434e-01
   6.5515516e+00   4.6557973e-01
   6.6366366e+00   4.7113671e-01
   6.7217217e+00   4.7667505e-01
   6.8068068e+00   4.8219453e-01
   6.8918919e+00   4.8769494e-01
   6.9769770e+00   4.9317606e-01
   7.0620621e+00   4.9863767e-01
   7.1471471e+00   5.0407956e-01
   7.2322322e+00   5.0950150e-01
   7.3173173e+00   5.1490329e-01
   7.4024024e+00   5.2028471e-01
   7.4874875e+00   5.2564555e-01
   7.5725726e+00   5.3098560e-01
   7.6576577e+00   5.3630464e-01
   7.7427427e+00   5.4160247e-01
   7.8278278e+00   5.4687888e-01
   7.9129129e+00   5.5213365e-01
   7.9979980e+00   5.5736658e-01
   8.0830831e+00   5.6257746e-01
   8.1681682e+00   5.6776609e-01
   8.2532533e+00   5.7293225e-01
   8.3383383e+00   5.7807576e-01
   8.4234234e+00   5.8319640e-01
   8.5085085e+00   5.8829397e-01
   8.5935936e+00   5.9336826e-01
   8.6786787e+00   5.9841909e-01
   8.7637638e+00   6.0344624e-01
   8.8488488e+00   6.0844952e-01
   8.9339339e+00   6.1342873e-01
   9.0190190e+00   6.1838368e-01
   9.1041041e+00   6.2331417e-01
   9.1891892e+00   6.2822000e-01
   9.2742743e+00   6.3310098e-01
   9.3593594e+00   6.3795691e-01
   9.4444444e+00   6.4278761e-01
   9.5295295e+00   6.4759288e-01
   9.6146146e+00   6.5237254e-01
   9.6996997e+00   6.5712639e-01
   9.7847848e+00   6.6185424e-01
   9.8698699e+00   6.6655591e-01
   9.9549550e+00   6.7123122e-01
   1.0040040e+01   6.7587997e-01
   1.0125125e+01   6.8050199e-01
   1.0210210e+01   6.8509709e-01
   1.0295295e+01   6.8966509e-01
   1.0380380e+01   6.9420581e-01
   1.0465465e+01   6.9871906e-01
   1.0550551e+01   7.0320468e-01
   1.0635636e+01   7.0766248e-01
   1.0720721e+01   7.1209229e-01
   1.0805806e+01   7.1649392e-01
   1.0890891e+01   7.2086722e-01
   1.0975976e+01   7.2521200e-01
   1.1061061e+01   7.2952809e-01
   1.1146146e+01   7.3381533e-01
   1.1231231e+01   7.3807353e-01
   1.1316316e+01   7.4230254e-01
   1.1401401e+01   7.4650219e-01
   1.1486486e+01   7.5067231e-01
   1.1571572e+01   7.5481273e-01
   1.1656657e+01   7.5892329e-01
   1.1741742e+01   7.6300383e-01
   1.1826827e+01   7.6705419e-01
   1.1911912e+01   7.7107421e-01
   1.1996997e+01   7.7506373e-01
   1.2082082e+01   7.7902259e-01
   1.2167167e+01   7.8295063e-01
   1.2252252e+01   7.8684770e-01
   1.2337337e+01   7.9071364e-01
   1.2422422e+01   7.9454830e-01
   1.2507508e+01   7.9835154e-01
   1.2592593e+01   8.0212319e-01
   1.2677678e+01   8.0586312e-01
   1.2762763e+01   8.0957116e-01
   1.2847848e+01   8.1324719e-01
   1.2932933e+01   8.1689104e-01
   1.3018018e+01   8.2050258e-01
   1.3103103e+01   8.2408166e-01
   1.3188188e+01   8.2762814e-01
   1.3273273e+01   8.3114188e-01
   1.3358358e+01   8.3462275e-01
   1.3443443e+01   8.3807060e-01
   1.3528529e+01   8.4148530e-01
   1.3613614e+01   8.4486671e-01
   1.3698699e+01   8.4821470e-01
   1.3783784e+01   8.5152914e-01
   1.3868869e+01   8.5480989e-01
   1.3953954e+01   8.5805683e-01
   1.4039039e+01   8.6126983e-01
   1.4124124e+01   8.6444876e-01
   1.4209209e+01   8.6759349e-01
   1.4294294e+01   8.7070390e-01
   1.4379379e+01   8.7377987e-01
   1.4464464e+01   8.7682128e-01
   1.4549550e+01   8.7982800e-01
   1.4634635e+01   8.8279991e-01
   1.4719720e+01   8.8573691e-01
   1.4804805e+01   8.8863887e-01
   1.4889890e+01   8.9150567e-01
   1.4974975e+01   8.9433721e-01
   1.5060060e+01   8.9713338e-01
   1.5145145e+01   8.9989405e-01
   1.5230230e+01   9.0261913e-01
   1.5315315e+01   9.0530850e-01
   1.5400400e+01   9.0796206e-01
   1.5485485e+01   9.1057970e-01
   1.5570571e+01   9.1316133e-01
   1.5655656e+01   9.1570683e-01
   1.5740741e+01   9.1821611e-01
   1.5825826e+01   9.2068906e-01
   1.5910911e+01   9.2312560e-01
   1.5995996e+01   9.2552562e-01
   1.6081081e+01   9.2788903e-01
   1.6166166e+01   9.3021573e-01
   1.6251251e+01   9.3250564e-01
   1.6336336e+01   9.3475866e-01
   1.6421421e+01   9.3697470e-01
   1.6506507e+01   9.3915368e-01
   1.6591592e+01   9.4129551e-01
   1.6676677e+01   9.4340010e-01
   1.6761762e+01   9.4546737e-01
   1.6846847e+01   9.4749725e-01
   1.6931932e+01   9.4948964e-01
   1.7017017e+01   9.5144447e-01
   1.7102102e+01   9.5336167e-01
   1.7187187e+01   9.5524116e-01
   1.7272272e+01   9.5708286e-01
   1.7357357e+01   9.5888669e-01
   1.7442442e+01   9.6065260e-01
   1.7527528e+01   9.6238051e-01
   1.7612613e+01   9.6407035e-01
   1.7697698e+01   9.6572205e-01
   1.7782783e+01   9.6733555e-01
   1.7867868e+01   9.6891078e-01
   1.7952953e+01   9.7044769e-01
   1.8038038e+01   9.7194621e-01
   1.8123123e+01   9.7340628e-01
   1.8208208e+01   9.7482785e-01
   1.8293293e+01   9.7621085e-01
   1.8378378e+01   9.7755524e-01
   1.8463463e+01   9.7886096e-01
   1.8548549e+01   9.8012795e-01
   1.8633634e+01   9.8135618e-01
   1.8718719e+01   9.8254559e-01
   1.8803804e+01   9.8369613e-01
   1.8888889e+01   9.8480775e-01
   1.8973974e+01   9.8588042e-01
   1.9059059e+01   9.8691410e-01
   1.9144144e+01   9.8790873e-01
   1.9229229e+01   9.8886428e-01
   1.9314314e+01   9.8978072e-01
   1.9399399e+01   9.9065800e-01
   1.9484484e+01   9.9149609e-01
   1.9569570e+01   9.9229497e-01
   1.9654655e+01   9.9305459e-01
   1.9739740e+01   9.9377493e-01
   1.9824825e+01   9.9445596e-01
   1.9909910e+01   9.9509765e-01
   1.9994995e+01   9.9569997e-01
   2.0080080e+01   9.9626291e-01
   2.0165165e+01   9.9678644e-01
   2.0250250e+01   9.9727054e-01
   2.0335335e+01   9.9771519e-01
   2.0420420e+01   9.9812037e-01
   2.0505506e+01   9.9848607e-01
   2.0590591e+01   9.9881227e-01
   2.0675676e+01   9.9909897e-01
   2.0760761e+01   9.9934614e-01
   2.0845846e+01   9.9955378e-01
   2.0930931e+01   9.9972187e-01
   2.1016016e+01   9.9985043e-01
   2.1101101e+01   9.9993943e-01
   2.1186186e+01   9.9998887e-01
   2.1271271e+01   9.9999876e-01
   2.1356356e+01   9.9996910e-01
   2.1441441e+01   9.9989987e-01
   2.1526527e+01   9.9979109e-01
   2.1611612e+01   9.9964277e-01
   2.1696697e+01   9.9945490e-01
   2.1781782e+01   9.9922749e-01
   2.1866867e+01   9.9896056e-01
   2.1951952e+01   9.9865411e-01
   2.2037037e+01   9.9830816e-01
   2.2122122e+01   9.9792272e-01
   2.2207207e+01   9.9749780e-01
   2.2292292e+01   9.9703342e-01
   2.2377377e+01   9.9652960e-01
   2.2462462e+01   9.9598637e-01
   2.2547548e+01   9.9540373e-01
   2.2632633e+01   9.9478172e-01
   2.2717718e+01   9.9412036e-01
   2.2802803e+01   9.9341967e-01
   2.2887888e+01   9.9267969e-01
   2.2972973e+01   9.9190044e-01
   2.3058058e+01   9.9108195e-01
   2.3143143e+01   9.9022425e-01
   2.3228228e+01   9.8932739e-01
   2.3313313e+01   9.8839139e-01
   2.3398398e+01   9.8741629e-01
   2.3483483e+01   9.8640214e-01
   2.3568569e+01   9.8534896e-01
   2.3653654e+01   9.8425681e-01
   2.3738739e+01   9.8312572e-01
   2.3823824e+01   9.8195574e-01
   2.3908909e+01   9.8074692e-01
   2.3993994e+01   9.7949930e-01
   2.4079079e+01   9.7821294e-01
   2.4164164e+01   9.7688788e-01
   2.4249249e+01   9.7552417e-01
   2.4334334e+01   9.7412188e-01
   2.4419419e+01   9.7268105e-01
   2.4504505e+01   9.7120175e-01
   2.4589590e+01   9.6968403e-01
   2.4674675e+01   9.6812795e-01
   2.4759760e+01   9.6653358e-01
   2.4844845e+01   9.6490097e-01
   2.4929930e+01   9.6323019e-01
   2.5015015e+01   9.6152131e-01
   2.5100100e+01   9.5977439e-01
   2.5185185e+01   9.5798951e-01
   2.5270270e+01   9.5616673e-01
   2.5355355e+01   9.5430613e-01
   2.5440440e+01   9.5240778e-01
   2.5525526e+01   9.5047176e-01
   2.5610611e+01   9.4849813e-01
   2.5695696e+01   9.4648699e-01
   2.5780781e+01   9.4443841e-01
   2.5865866e+01   9.4235246e-01
   2.5950951e+01   9.4022924e-01
   2.6036036e+01   9.3806883e-01
   2.6121121e+01   9.3587131e-01
   2.6206206e+01   9.3363676e-01
   2.6291291e+01   9.3136529e-01
   2.6376376e+01   9.2905697e-01
   2.6461461e+01   9.2671191e-01
   2.6546547e+01   9.2433018e-01
   2.6631632e+01   9.2191189e-01
   2.6716717e+01   9.1945713e-01
   2.6801802e+01   9.1696600e-01
   2.6886887e+01   9.1443860e-01
   2.6971972e+01   9.1187502e-01
   2.7057057e+01   9.0927538e-01
   2.7142142e+01   9.0663976e-01
   2.7227227e+01   9.0396828e-01
   2.7312312e+01   9.0126105e-01
   2.7397397e+01   8.9851816e-01
   2.7482482e+01   8.9573972e-01
   2.7567568e+01   8.9292586e-01
   2.7652653e+01   8.9007667e-01
   2.7737738e+01   8.8719227e-01
   2.7822823e+01   8.8427278e-01
   2.7907908e+01   8.8131831e-01
   2.7992993e+01   8.7832898e-01
   2.8078078e+01   8.7530490e-01
   2.8163163e+01   8.7224620e-01
   2.8248248e+01   8.6915299e-01
   2.8333333e+01   8.6602540e-01
   2.8418418e+01   8.6286356e-01
   2.8503504e+01   8.5966758e-01
   2.8588589e+01   8.5643760e-01
   2.8673674e+01   8.5317373e-01
   2.8758759e+01   8.4987612e-01
   2.8843844e+01   8.4654489e-01
   2.8928929e+01   8.4318017e-01
   2.9014014e+01   8.3978210e-01
   2.9099099e+01   8.3635081e-01
   2.9184184e+01   8.3288643e-01
   2.9269269e+01   8.2938911e-01
   2.9354354e+01   8.2585898e-01
   2.9439439e+01   8.2229618e-01
   2.9524525e+01   8.1870085e-01
   2.9609610e+01   8.1507314e-01
   2.9694695e+01   8.1141319e-01
   2.9779780e+01   8.0772113e-01
   2.9864865e+01   8.0399713e-01
   2.9949950e+01   8.0024132e-01
   3.0035035e+01   7.9645386e-01
   3.0120120e+01   7.9263489e-01
   3.0205205e+01   7.8878457e-01
   3.0290290e+01   7.8490304e-01
   3.0375375e+01   7.8099047e-01
   3.0460460e+01   7.7704700e-01
   3.0545546e+01   7.7307279e-01
   3.0630631e+01   7.6906801e-01
   3.0715716e+01   7.6503280e-01
   3.0800801e+01   7.6096733e-01
   3.0885886e+01   7.5687175e-01
   3.0970971e+01   7.5274624e-01
   3.1056056e+01   7.4859095e-01
   3.1141141e+01   7.4440605e-01
   3.1226226e+01   7.4019170e-01
   3.1311311e+01   7.3594807e-01
   3.1396396e+01   7.3167533e-01
   3.1481481e+01   7.2737364e-01
   3.1566567e+01   7.2304318e-01
   3.1651652e+01   7.1868412e-01
   3.1736737e+01   7.1429664e-01
   3.1821822e+01   7.0988089e-01
   3.1906907e+01   7.0543707e-01
   3.1991992e+01   7.0096534e-01
   3.2077077e+01   6.9646588e-01
   3.2162162e+01   6.9193887e-01
   3.2247247e+01   6.8738449e-01
   3.2332332e+01   6.8280292e-01
   3.2417417e+01   6.7819434e-01
   3.2502503e+01   6.7355893e-01
   3.2587588e+01   6.6889687e-01
   3.2672673e+01   6.6420836e-01
   3.2757758e+01   6.5949357e-01
   3.2842843e+01   6.5475270e-01
   3.2927928e+01   6.4998592e-01
   3.3013013e+01   6.4519344e-01
   3.3098098e+01   6.4037543e-01
   3.3183183e+01   6.3553209e-01
   3.3268268e+01   6.3066361e-01
   3.3353353e+01   6.2577018e-01
   3.3438438e+01   6.2085199e-01
   3.3523524e+01   6.1590925e-01
   3.3608609e+01   6.1094215e-01
   3.3693694e+01   6.0595088e-01
   3.3778779e+01   6.0093563e-01
   3.3863864e+01   5.9589662e-01
   3.3948949e+01   5.9083404e-01
   3.4034034e+01   5.8574808e-01
   3.4119119e+01   5.8063895e-01
   3.4204204e+01   5.7550685e-01
   3.4289289e+01   5.7035199e-01
   3.4374374e+01   5.6517457e-01
   3.4459459e+01   5.5997479e-01
   3.4544545e+01   5.5475285e-01
   3.4629630e+01   5.4950898e-01
   3.4714715e+01   5.4424336e-01
   3.4799800e+01   5.3895622e-01
   3.4884885e+01   5.3364776e-01
   3.4969970e+01   5.2831819e-01
   3.5055055e+01   5.2296772e-01
   3.5140140e+01   5.1759656e-01
   3.5225225e+01   5.1220493e-01
   3.5310310e+01   5.0679303e-01
   3.5395395e+01   5.0136109e-01
   3.5480480e+01   4.9590932e-01
   3.5565566e+01   4.9043793e-01
   3.5650651e+01   4.8494714e-01
   3.5735736e+01   4.7943716e-01
   3.5820821e+01   4.7390822e-01
   3.5905906e+01   4.6836054e-01
   3.5990991e+01   4.6279432e-01
   3.6076076e+01   4.5720980e-01
   3.6161161e+01   4.5160720e-01
   3.6246246e+01   4.4598673e-01
   3.6331331e+01   4.4034861e-01
   3.6416416e+01   4.3469308e-01
   3.6501502e+01   4.2902035e-01
   3.6586587e+01   4.2333066e-01
   3.6671672e+01   4.1762421e-01
   3.6756757e+01   4.1190125e-01
   3.6841842e+01   4.0616199e-01
   3.6926927e+01   4.0040667e-01
   3.7012012e+01   3.9463550e-01
   3.7097097e+01   3.8884873e-01
   3.7182182e+01   3.8304657e-01
   3.7267267e+01   3.7722926e-01
   3.7352352e+01   3.7139703e-01
   3.7437437e+01   3.6555011e-01
   3.7522523e+01   3.5968873e-01
   3.7607608e+01   3.5381312e-01
   3.7692693e+01   3.4792351e-01
   3.7777778e+01   3.4202014e-01
   3.7862863e+01   3.3610324e-01
   3.7947948e+01   3.3017305e-01
   3.8033033e+01   3.2422980e-01
   3.8118118e+01   3.1827371e-01
   3.8203203e+01   3.1230504e-01
   3.8288288e+01   3.0632402e-01
   3.8373373e+01   3.0033088e-01
   3.8458458e+01   2.9432586e-01
   3.8543544e+01   2.8830919e-01
   3.8628629e+01   2.8228112e-01
   3.8713714e+01   2.7624188e-01
   3.8798799e+01   2.7019172e-01
   3.8883884e+01   2.6413087e-01
   3.8968969e+01   2.5805957e-01
   3.9054054e+01   2.5197806e-01
   3.9139139e+01   2.4588659e-01
   3.9224224e+01   2.3978538e-01
   3.9309309e+01   2.3367470e-01
   3.9394394e+01   2.2755476e-01
   3.9479479e+01   2.2142583e-01
   3.9564565e+01   2.1528814e-01
   3.9649650e+01   2.0914193e-01
   3.9734735e+01   2.0298745e-01
   3.9819820e+01   1.9682494e-01
   3.9904905e+01   1.9065465e-01
   3.9989990e+01   1.8447681e-01
   4.0075075e+01   1.7829167e-01
   4.0160160e+01   1.7209948e-01
   4.0245245e+01   1.6590049e-01
   4.0330330e+01   1.5969493e-01
   4.0415415e+01   1.5348305e-01
   4.0500501e+01   1.4726510e-01
   4.0585586e+01   1.4104133e-01
   4.0670671e+01   1.3481198e-01
   4.0755756e+01   1.2857730e-01
   4.0840841e+01   1.2233752e-01
   4.0925926e+01   1.1609291e-01
   4.1011011e+01   1.0984371e-01
   4.1096096e+01   1.0359016e-01
   4.1181181e+01   9.7332518e-02
   4.1266266e+01   9.1071023e-02
   4.1351351e+01   8.4805924e-02
   4.1436436e+01   7.8537472e-02
   4.1521522e+01   7.2265912e-02
   4.1606607e+01   6.5991494e-02
   4.1691692e+01   5.9714465e-02
   4.1776777e+01   5.3435074e-02
   4.1861862e+01   4.7153569e-02
   4.1946947e+01   4.0870199e-02
   4.2032032e+01   3.4585213e-02
   4.2117117e+01   2.8298858e-02
   4.2202202e+01   2.2011384e-02
   4.2287287e+01   1.5723039e-02
   4.2372372e+01   9.4340722e-03
   4.2457457e+01   3.1447322e-03
   4.2542543e+01  -1.1949982e-03
   4.2627628e+01  -3.5849474e-03
   4.2712713e+01  -5.9747548e-03
   4.2797798e+01  -8.3643259e-03
   4.2882883e+01  -1.0753566e-02
   4.2967968e+01  -1.3142381e-02
   4.3053053e+01  -1.5530676e-02
   4.3138138e+01  -1.7918356e-02
   4.3223223e+01  -2.0305328e-02
   4.3308308e+01  -2.2691497e-02
   4.3393393e+01  -2.5076768e-02
   4.3478478e+01  -2.7461047e-02
   4.3563564e+01  -2.9844239e-02
   4.3648649e+01  -3.2226251e-02
   4.3733734e+01  -3.4606989e-02
   4.3818819e+01  -3.6986357e-02
   4.3903904e+01  -3.9364262e-02
   4.3988989e+01  -4.1740610e-02
   4.4074074e+01  -4.4115307e-02
   4.4159159e+01  -4.6488259e-02
   4.4244244e+01  -4.8859372e-02
   4.4329329e+01  -5.1228552e-02
   4.4414414e+01  -5.3595706e-02
   4.4499499e+01  -5.5960740e-02
   4.4584585e+01  -5.8323560e-02
   4.4669670e+01  -6.0684073e-02
   4.4754755e+01  -6.3042185e-02
   4.4839840e+01  -6.5397803e-02
   4.4924925e+01  -6.7750835e-02
   4.5010010e+01  -7.0101187e-02
   4.5095095e+01  -7.2448765e-02
   4.5180180e+01  -7.4793478e-02
   4.5265265e+01  -7.7135232e-02
   4.5350350e+01  -7.9473935e-02
   4.5435435e+01  -8.1809493e-02
   4.5520521e+01  -8.4141816e-02
   4.5605606e+01  -8.6470811e-02
   4.5690691e+01  -8.8796384e-02
   4.5775776e+01  -9.1118446e-02
   4.5860861e+01  -9.3436903e-02
   4.5945946e+01  -9.5751663e-02
   4.6031031e+01  -9.8062636e-02
   4.6116116e+01  -1.0036973e-01
   4.6201201e+01  -1.0267285e-01
   4.6286286e+01  -1.0497192e-01
   4.6371371e+01  -1.0726683e-01
   4.6456456e+01  -1.0955749e-01
   4.6541542e+01  -1.1184383e-01
   4.6626627e+01  -1.1412573e-01
   4.6711712e+01  -1.1640313e-01
   4.6796797e+01  -1.1867592e-01
   4.6881882e+01  -1.2094401e-01
   4.6966967e+01  -1.2320732e-01
   4.7052052e+01  -1.2546576e-01
   4.7137137e+01  -1.2771923e-01
   4.7222222e+01  -1.2996765e-01
   4.7307307e+01  -1.3221093e-01
   4.7392392e+01  -1.3444899e-01
   4.7477477e+01  -1.3668172e-01
   4.7562563e+01  -1.3890904e-01
   4.7647648e+01  -1.4113087e-01
   4.7732733e+01  -1.4334712e-01
   4.7817818e+01  -1.4555770e-01
   4.7902903e+01  -1.4776252e-01
   4.7987988e+01  -1.4996149e-01
   4.8073073e+01  -1.5215453e-01
   4.8158158e+01  -1.5434156e-01
   4.8243243e+01  -1.5652247e-01
   4.8328328e+01  -1.5869720e-01
   4.8413413e+01  -1.6086565e-01
   4.8498498e+01  -1.6302773e-01
   4.8583584e+01  -1.6518337e-01
   4.8668669e+01  -1.6733247e-01
   4.8753754e+01  -1.6947496e-01
   4.8838839e+01  -1.7161073e-01
   4.8923924e+01  -1.7373973e-01
   4.9009009e+01  -1.7586184e-01
   4.9094094e+01  -1.7797700e-01
   4.9179179e+01  -1.8008512e-01
   4.9264264e+01  -1.8218612e-01
   4.9349349e+01  -1.8427991e-01
   4.9434434e+01  -1.8636641e-01
   4.9519520e+01  -1.8844554e-01
   4.9604605e+01  -1.9051722e-01
   4.9689690e+01  -1.9258135e-01
   4.9774775e+01  -1.9463787e-01
   4.9859860e+01  -1.9668669e-01
   4.9944945e+01  -1.9872773e-01
   5.0030030e+01  -2.0076091e-01
   5.0115115e+01  -2.0278615e-01
   5.0200200e+01  -2.0480336e-01
   5.0285285e+01  -2.0681248e-01
   5.0370370e+01  -2.0881341e-01
   5.0455455e+01  -2.1080608e-01
   5.0540541e+01  -2.1279042e-01
   5.0625626e+01  -2.1476634e-01
   5.0710711e+01  -2.1673376e-01
   5.0795796e+01  -2.1869260e-01
   5.0880881e+01  -2.2064280e-01
   5.0965966e+01  -2.2258427e-01
   5.1051051e+01  -2.2451693e-01
   5.1136136e+01  -2.2644072e-01
   5.1221221e+01  -2.2835554e-01
   5.1306306e+01  -2.3026133e-01
   5.1391391e+01  -2.3215802e-01
   5.1476476e+01  -2.3404552e-01
   5.1561562e+01  -2.3592376e-01
   5.1646647e+01  -2.3779267e-01
   5.1731732e+01  -2.3965217e-01
   5.1816817e+01  -2.4150219e-01
   5.1901902e+01  -2.4334266e-01
   5.1986987e+01  -2.4517351e-01
   5.2072072e+01  -2.4699465e-01
   5.2157157e+01  -2.4880603e-01
   5.2242242e+01  -2.5060756e-01
   5.2327327e+01  -2.5239918e-01
   5.2412412e+01  -2.5418081e-01
   5.2497497e+01  -2.5595239e-01
   5.2582583e+01  -2.5771385e-01
   5.2667668e+01  -2.5946511e-01
   5.2752753e+01  -2.6120611e-01
   5.2837838e+01  -2.6293677e-01
   5.2922923e+01  -2.6465703e-01
   5.3008008e+01  -2.6636683e-01
   5.3093093e+01  -2.6806609e-01
   5.3178178e+01  -2.6975474e-01
   5.3263263e+01  -2.7143272e-01
   5.3348348e+01  -2.7309997e-01
   5.3433433e+01  -2.7475641e-01
   5.3518519e+01  -2.7640198e-01
   5.3603604e+01  -2.7803662e-01
   5.3688689e+01  -2.7966027e-01
   5.3773774e+01  -2.8127284e-01
   5.3858859e+01  -2.8287430e-01
   5.3943944e+01  -2.8446456e-01
   5.4029029e+01  -2.8604357e-01
   5.4114114e+01  -2.8761127e-01
   5.4199199e+01  -2.8916758e-01
   5.4284284e+01  -2.9071246e-01
   5.4369369e+01  -2.9224584e-01
   5.4454454e+01  -2.9376766e-01
   5.4539540e+01  -2.9527786e-01
   5.4624625e+01  -2.9677638e-01
   5.4709710e+01  -2.9826316e-01
   5.4794795e+01  -2.9973814e-01
   5.4879880e+01  -3.0120126e-01
   5.4964965e+01  -3.0265247e-01
   5.5050050e+01  -3.0409170e-01
   5.5135135e+01  -3.0551891e-01
   5.5220220e+01  -3.0693403e-01
   5.5305305e+01  -3.0833701e-01
   5.5390390e+01  -3.0972779e-01
   5.5475475e+01  -3.1110632e-01
   5.5560561e+01  -3.1247255e-01
   5.5645646e+01  -3.1382641e-01
   5.5730731e+01  -3.1516786e-01
   5.5815816e+01  -3.1649684e-01
   5.5900901e+01  -3.1781331e-01
   5.5985986e+01  -3.1911720e-01
   5.6071071e+01  -3.2040847e-01
   5.6156156e+01  -3.2168706e-01
   5.6241241e+01  -3.2295293e-01
   5.6326326e+01  -3.2420602e-01
   5.6411411e+01  -3.2544629e-01
   5.6496496e+01  -3.2667368e-01
   5.6581582e+01  -3.2788815e-01
   5.6666667e+01  -3.2908965e-01
   5.6751752e+01  -3.3027814e-01
   5.6836837e+01  -3.3145356e-01
   5.6921922e+01  -3.3261586e-01
   5.7007007e+01  -3.3376501e-01
   5.7092092e+01  -3.3490096e-01
   5.7177177e+01  -3.3602366e-01
   5.7262262e+01  -3.3713306e-01
   5.7347347e+01  -3.3822913e-01
   5.7432432e+01  -3.3931183e-01
   5.7517518e+01  -3.4038110e-01
   5.7602603e+01  -3.4143690e-01
   5.7687688e+01  -3.4247920e-01
   5.7772773e+01  -3.4350795e-01
   5.7857858e+01  -3.4452311e-01
   5.7942943e+01  -3.4552464e-01
   5.8028028e+01  -3.4651251e-01
   5.8113113e+01  -3.4748667e-01
   5.8198198e+01  -3.4844708e-01
   5.8283283e+01  -3.4939371e-01
   5.8368368e+01  -3.5032652e-01
   5.8453453e+01  -3.5124547e-01
   5.8538539e+01  -3.5215052e-01
   5.8623624e+01  -3.5304165e-01
   5.8708709e+01  -3.5391881e-01
   5.8793794e+01  -3.5478197e-01
   5.8878879e+01  -3.5563110e-01
   5.8963964e+01  -3.5646615e-01
   5.9049049e+01  -3.5728711e-01
   5.9134134e+01  -3.5809394e-01
   5.9219219e+01  -3.5888659e-01
   5.9304304e+01  -3.5966506e-01
   5.9389389e+01  -3.6042929e-01
   5.9474474e+01  -3.6117927e-01
   5.9559560e+01  -3.6191496e-01
   5.9644645e+01  -3.6263633e-01
   5.9729730e+01  -3.6334336e-01
   5.9814815e+01  -3.6403601e-01
   5.9899900e+01  -3.6471427e-01
   5.9984985e+01  -3.6537810e-01
   6.0070070e+01  -3.6602747e-01
   6.0155155e+01  -3.6666237e-01
   6.0240240e+01  -3.6728276e-01
   6.0325325e+01  -3.6788862e-01
   6.0410410e+01  -3.6847993e-01
   6.0495495e+01  -3.6905667e-01
   6.0580581e+01  -3.6961880e-01
   6.0665666e+01  -3.7016631e-01
   6.0750751e+01  -3.7069919e-01
   6.0835836e+01  -3.7121739e-01
   6.0920921e+01  -3.7172092e-01
   6.1006006e+01  -3.7220973e-01
   6.1091091e+01  -3.7268383e-01
   6.1176176e+01  -3.7314318e-01
   6.1261261e+01  -3.7358777e-01
   6.1346346e+01  -3.7401759e-01
   6.1431431e+01  -3.7443260e-01
   6.1516517e+01  -3.7483281e-01
   6.1601602e+01  -3.7521819e-01
   6.1686687e+01  -3.7558873e-01
   6.1771772e+01  -3.7594441e-01
   6.1856857e+01  -3.7628522e-01
   6.1941942e+01  -3.7661114e-01
   6.2027027e+01  -3.7692217e-01
   6.2112112e+01  -3.7721828e-01
   6.2197197e+01  -3.7749947e-01
   6.2282282e+01  -3.7776574e-01
   6.2367367e+01  -3.7801705e-01
   6.2452452e+01  -3.7825342e-01
   6.2537538e+01  -3.7847482e-01
   6.2622623e+01  -3.7868125e-01
   6.2707708e+01  -3.7887270e-01
   6.2792793e+01  -3.7904916e-01
   6.2877878e+01  -3.7921063e-01
   6.2962963e+01  -3.7935710e-01
   6.3048048e+01  -3.7948856e-01
   6.3133133e+01  -3.7960501e-01
   6.3218218e+01  -3.7970645e-01
   6.3303303e+01  -3.7979286e-01
   6.3388388e+01  -3.7986425e-01
   6.3473473e+01  -3.7992062e-01
   6.3558559e+01  -3.7996195e-01
   6.3643644e+01  -3.7998826e-01
   6.3728729e+01  -3.7999953e-01
   6.3813814e+01  -3.7999577e-01
   6.3898899e+01  -3.7997698e-01
   6.3983984e+01  -3.7994316e-01
   6.4069069e+01  -3.7989431e-01
   6.4154154e+01  -3.7983043e-01
   6.4239239e+01  -3.7975153e-01
   6.4324324e+01  -3.7965761e-01
   6.4409409e+01  -3.7954866e-01
   6.4494494e+01  -3.7942471e-01
   6.4579580e+01  -3.7928574e-01
   6.4664665e+01  -3.7913177e-01
   6.4749750e+01  -3.7896280e-01
   6.4834835e+01  -3.7877885e-01
   6.4919920e+01  -3.7857991e-01
   6.5005005e+01  -3.7836599e-01
   6.5090090e+01  -3.7813711e-01
   6.5175175e+01  -3.7789326e-01
   6.5260260e+01  -3.7763447e-01
   6.5345345e+01  -3.7736074e-01
   6.5430430e+01  -3.7707209e-01
   6.5515516e+01  -3.7676852e-01
   6.5600601e+01  -3.7645004e-01
   6.5685686e+01  -3.7611667e-01
   6.5770771e+01  -3.7576843e-01
   6.5855856e+01  -3.7540532e-01
   6.5940941e+01  -3.7502736e-01
   6.6026026e+01  -3.7463456e-01
   6.6111111e+01  -3.7422695e-01
   6.6196196e+01  -3.7380453e-01
   6.6281281e+01  -3.7336732e-01
   6.6366366e+01  -3.7291535e-01
   6.6451451e+01  -3.7244862e-01
   6.6536537e+01  -3.7196716e-01
   6.6621622e+01  -3.7147099e-01
   6.6706707e+01  -3.7096012e-01
   6.6791792e+01  -3.7043458e-01
   6.6876877e+01  -3.6989439e-01
   6.6961962e+01  -3.6933956e-01
   6.7047047e+01  -3.6877012e-01
   6.7132132e+01  -3.6818610e-01
   6.7217217e+01  -3.6758751e-01
   6.7302302e+01  -3.6697438e-01
   6.7387387e+01  -3.6634673e-01
   6.7472472e+01  -3.6570459e-01
   6.7557558e+01  -3.6504799e-01
   6.7642643e+01  -3.6437694e-01
   6.7727728e+01  -3.6369149e-01
   6.7812813e+01  -3.6299164e-01
   6.7897898e+01  -3.6227744e-01
   6.7982983e+01  -3.6154890e-01
   6.8068068e+01  -3.6080606e-01
   6.8153153e+01  -3.6004895e-01
   6.8238238e+01  -3.5927760e-01
   6.8323323e+01  -3.5849204e-01
   6.8408408e+01  -3.5769229e-01
   6.8493493e+01  -3.5687840e-01
   6.8578579e+01  -3.5605039e-01
   6.8663664e+01  -3.5520829e-01
   6.8748749e+01  -3.5435214e-01
   6.8833834e+01  -3.5348198e-01
   6.8918919e+01  -3.5259783e-01
   6.9004004e+01  -3.5169974e-01
   6.9089089e+01  -3.5078773e-01
   6.9174174e+01  -3.4986184e-01
   6.9259259e+01  -3.4892212e-01
   6.9344344e+01  -3.4796859e-01
   6.9429429e+01  -3.4700130e-01
   6.9514515e+01  -3.4602029e-01
   6.9599600e+01  -3.4502558e-01
   6.9684685e+01  -3.4401723e-01
   6.9769770e+01  -3.4299527e-01
   6.9854855e+01  -3.4195974e-01
   6.9939940e+01  -3.4091068e-01
   7.0025025e+01  -3.3984814e-01
   7.0110110e+01  -3.3877216e-01
   7.0195195e+01  -3.3768277e-01
   7.0280280e+01  -3.3658003e-01
   7.0365365e+01  -3.3546397e-01
   7.0450450e+01  -3.3433464e-01
   7.0535536e+01  -3.3319208e-01
   7.0620621e+01  -3.3203635e-01
   7.0705706e+01  -3.3086748e-01
   7.0790791e+01  -3.2968553e-01
   7.0875876e+01  -3.2849053e-01
   7.0960961e+01  -3.2728253e-01
   7.1046046e+01  -3.2606160e-01
   7.1131131e+01  -3.2482776e-01
   7.1216216e+01  -3.2358107e-01
   7.1301301e+01  -3.2232159e-01
   7.1386386e+01  -3.2104935e-01
   7.1471471e+01  -3.1976441e-01
   7.1556557e+01  -3.1846683e-01
   7.1641642e+01  -3.1715664e-01
   7.1726727e+01  -3.1583392e-01
   7.1811812e+01  -3.1449869e-01
   7.1896897e+01  -3.1315103e-01
   7.1981982e+01  -3.1179098e-01
   7.2067067e+01  -3.1041859e-01
   7.2152152e+01  -3.0903393e-01
   7.2237237e+01  -3.0763704e-01
   7.2322322e+01  -3.0622798e-01
   7.2407407e+01  -3.0480681e-01
   7.2492492e+01  -3.0337358e-01
   7.2577578e+01  -3.0192836e-01
   7.2662663e+01  -3.0047118e-01
   7.2747748e+01  -2.9900212e-01
   7.2832833e+01  -2.9752124e-01
   7.2917918e+01  -2.9602858e-01
   7.3003003e+01  -2.9452422e-01
   7.3088088e+01  -2.9300820e-01
   7.3173173e+01  -2.9148059e-01
   7.3258258e+01  -2.8994146e-01
   7.3343343e+01  -2.8839085e-01
   7.3428428e+01  -2.8682884e-01
   7.3513514e+01  -2.8525548e-01
   7.3598599e+01  -2.8367083e-01
   7.3683684e+01  -2.8207497e-01
   7.3768769e+01  -2.8046794e-01
   7.3853854e+01  -2.7884982e-01
   7.3938939e+01  -2.7722067e-01
   7.4024024e+01  -2.7558056e-01
   7.4109109e+01  -2.7392954e-01
   7.4194194e+01  -2.7226769e-01
   7.4279279e+01  -2.7059507e-01
   7.4364364e+01  -2.6891174e-01
   7.4449449e+01  -2.6721778e-01
   7.4534535e+01  -2.6551324e-01
   7.4619620e+01  -2.6379821e-01
   7.4704705e+01  -2.6207273e-01
   7.4789790e+01  -2.6033689e-01
   7.4874875e+01  -2.5859076e-01
   7.4959960e+01  -2.5683439e-01
   7.5045045e+01  -2.5506786e-01
   7.5130130e+01  -2.5329125e-01
   7.5215215e+01  -2.5150461e-01
   7.5300300e+01  -2.4970803e-01
   7.5385385e+01  -2.4790156e-01
   7.5470470e+01  -2.4608530e-01
   7.5555556e+01  -2.4425929e-01
   7.5640641e+01  -2.4242363e-01
   7.5725726e+01  -2.4057837e-01
   7.5810811e+01  -2.3872360e-01
   7.5895896e+01  -2.3685938e-01
   7.5980981e+01  -2.3498580e-01
   7.6066066e+01  -2.3310292e-01
   7.6151151e+01  -2.3121082e-01
   7.6236236e+01  -2.2930957e-01
   7.6321321e+01  -2.2739925e-01
   7.6406406e+01  -2.2547994e-01
   7.6491491e+01  -2.2355171e-01
   7.6576577e+01  -2.2161463e-01
   7.6661662e+01  -2.1966879e-01
   7.6746747e+01  -2.1771426e-01
   7.6831832e+01  -2.1575111e-01
   7.6916917e+01  -2.1377943e-01
   7.7002002e+01  -2.1179930e-01
   7.7087087e+01  -2.0981079e-01
   7.7172172e+01  -2.0781397e-01
   7.7257257e+01  -2.0580894e-01
   7.7342342e+01  -2.0379576e-01
   7.7427427e+01  -2.0177453e-01
   7.7512513e+01  -1.9974531e-01
   7.7597598e+01  -1.9770819e-01
   7.7682683e+01  -1.9566325e-01
   7.7767768e+01  -1.9361057e-01
   7.7852853e+01  -1.9155023e-01
   7.7937938e+01  -1.8948232e-01
   7.8023023e+01  -1.8740690e-01
   7.8108108e+01  -1.8532408e-01
   7.8193193e+01  -1.8323392e-01
   7.8278278e+01  -1.8113652e-01
   7.8363363e+01  -1.7903195e-01
   7.8448448e+01  -1.7692030e-01
   7.8533534e+01  -1.7480165e-01
   7.8618619e+01  -1.7267608e-01
   7.8703704e+01  -1.7054369e-01
   7.8788789e+01  -1.6840455e-01
   7.8873874e+01  -1.6625874e-01
   7.8958959e+01  -1.6410636e-01
   7.9044044e+01  -1.6194749e-01
   7.9129129e+01  -1.5978222e-01
   7.9214214e+01  -1.5761062e-01
   7.9299299e+01  -1.5543278e-01
   7.9384384e+01  -1.5324880e-01
   7.9469469e+01  -1.5105876e-01
   7.9554555e+01  -1.4886274e-01
   7.9639640e+01  -1.4666083e-01
   7.9724725e+01  -1.4445312e-01
   7.9809810e+01  -1.4223970e-01
   7.9894895e+01  -1.4002065e-01
   7.9979980e+01  -1.3779606e-01
   8.0065065e+01  -1.3556602e-01
   8.0150150e+01  -1.3333062e-01
   8.0235235e+01  -1.3108994e-01
   8.0320320e+01  -1.2884408e-01
   8.0405405e+01  -1.2659312e-01
   8.0490490e+01  -1.2433716e-01
   8.0575576e+01  -1.2207627e-01
   8.0660661e+01  -1.1981056e-01
   8.0745746e+01  -1.1754010e-01
   8.0830831e+01  -1.1526500e-01
   8.0915916e+01  -1.1298534e-01
   8.1001001e+01  -1.1070121e-01
   8.1086086e+01  -1.0841270e-01
   8.1171171e+01  -1.0611990e-01
   8.1256256e+01  -1.0382290e-01
   8.1341341e+01  -1.0152179e-01
   8.1426426e+01  -9.9216674e-02
   8.1511512e+01  -9.6907629e-02
   8.1596597e+01  -9.4594751e-02
   8.1681682e+01  -9.2278130e-02
   8.1766767e+01  -8.9957860e-02
   8.1851852e+01  -8.7634031e-02
   8.1936937e+01  -8.5306735e-02
   8.2022022e+01  -8.2976065e-02
   8.2107107e+01  -8.0642113e-02
   8.2192192e+01  -7.8304970e-02
   8.2277277e+01  -7.5964730e-02
   8.2362362e+01  -7.3621485e-02
   8.2447447e+01  -7.1275328e-02
   8.2532533e+01  -6.8926352e-02
   8.2617618e+01  -6.6574648e-02
   8.2702703e+01  -6.4220312e-02
   8.2787788e+01  -6.1863435e-02
   8.2872873e+01  -5.9504110e-02
   8.2957958e+01  -5.7142432e-02
   8.3043043e+01  -5.4778494e-02
   8.3128128e+01  -5.2412388e-02
   8.3213213e+01  -5.0044210e-02
   8.3298298e+01  -4.7674051e-02
   8.3383383e+01  -4.5302007e-02
   8.3468468e+01  -4.2928171e-02
   8.3553554e+01  -4.0552637e-02
   8.3638639e+01  -3.8175498e-02
   8.3723724e+01  -3.5796850e-02
   8.3808809e+01  -3.3416785e-02
   8.3893894e+01  -3.1035399e-02
   8.3978979e+01  -2.8652785e-02
   8.4064064e+01  -2.6269037e-02
   8.4149149e+01  -2.3884250e-02
   8.4234234e+01  -2.1498519e-02
   8.4319319e+01  -1.9111937e-02
   8.4404404e+01  -1.6724599e-02
   8.4489489e+01  -1.4336599e-02
   8.4574575e+01  -1.1948033e-02
   8.4659660e+01  -9.5589932e-03
   8.4744745e+01  -7.1695758e-03
   8.4829830e+01  -4.7798748e-03
   8.4914915e+01  -2.3899847e-03
   8.5000000e+01  -9.3073157e-17
