   0.0000000e+00   0.0000000e+00
   1.0101010e+00   6.3423920e-02
   2.0202020e+00   1.2659245e-01
   3.0303030e+00   1.8925124e-01
   4.0404040e+00   2.5114799e-01
   5.0505051e+00   3.1203345e-01
   6.0606061e+00   3.7166246e-01
   7.0707071e+00   4.2979491e-01
   8.0808081e+00   4.8619674e-01
   9.0909091e+00   5.4064082e-01
   1.0101010e+01   5.9290793e-01
   1.1111111e+01   6.4278761e-01
   1.2121212e+01   6.9007901e-01
   1.3131313e+01   7.3459171e-01
   1.4141414e+01   7.7614646e-01
   1.5151515e+01   8.1457595e-01
   1.6161616e+01   8.4972543e-01
   1.7171717e+01   8.8145336e-01
   1.8181818e+01   9.0963200e-01
   1.9191919e+01   9.3414786e-01
   2.0202020e+01   9.5490224e-01
   2.1212121e+01   9.7181157e-01
   2.2222222e+01   9.8480775e-01
   2.3232323e+01   9.9383846e-01
   2.4242424e+01   9.9886734e-01
   2.5252525e+01   9.9987413e-01
   2.6262626e+01   9.9685478e-01
   2.7272727e+01   9.8982144e-01
   2.8282828e+01   9.7880245e-01
   2.9292929e+01   9.6384216e-01
   3.0303030e+01   9.4500082e-01
   3.1313131e+01   9.2235429e-01
   3.2323232e+01   8.9599377e-01
   3.3333333e+01   8.6602540e-01
   3.4343434e+01   8.3256985e-01
   3.5353535e+01   7.9576184e-01
   3.6363636e+01   7.5574957e-01
   3.7373737e+01   7.1269417e-01
   3.8383838e+01   6.6676900e-01
   3.9393939e+01   6.1815899e-01
   4.0404040e+01   5.6705986e-01
   4.1414141e+01   5.1367739e-01
   4.2424242e+01   4.5822652e-01
   4.3434343e+01   4.0093054e-01
   4.4444444e+01   3.4202014e-01
   4.5454545e+01   2.8173256e-01
   4.6464646e+01   2.2031053e-01
   4.7474747e+01   1.5800140e-01
   4.8484848e+01   9.5056043e-02
   4.9494949e+01   3.1727933e-02
   5.0505051e+01  -3.1727933e-02
   5.1515152e+01  -9.5056043e-02
   5.2525253e+01  -1.5800140e-01
   5.3535354e+01  -2.2031053e-01
   5.4545455e+01  -2.8173256e-01
   5.5555556e+01  -3.4202014e-01
   5.6565657e+01  -4.0093054e-01
   5.7575758e+01  -4.5822652e-01
   5.8585859e+01  -5.1367739e-01
   5.9595960e+01  -5.6705986e-01
   6.0606061e+01  -6.1815899e-01
   6.1616162e+01  -6.6676900e-01
   6.2626263e+01  -7.1269417e-01
   6.3636364e+01  -7.5574957e-01
   6.4646465e+01  -7.9576184e-01
   6.5656566e+01  -8.3256985e-01
   6.6666667e+01  -8.6602540e-01
   6.7676768e+01  -8.9599377e-01
   6.8686869e+01  -9.2235429e-01
   6.9696970e+01  -9.4500082e-01
   7.0707071e+01  -9.6384216e-01
   7.1717172e+01  -9.7880245e-01
   7.2727273e+01  -9.8982144e-01
   7.3737374e+01  -9.9685478e-01
   7.4747475e+01  -9.9987413e-01
   7.5757576e+01  -9.9886734e-01
   7.6767677e+01  -9.9383846e-01
   7.7777778e+01  -9.8480775e-01
   7.8787879e+01  -9.7181157e-01
   7.9797980e+01  -9.5490224e-01
   8.0808081e+01  -9.3414786e-01
   8.1818182e+01  -9.0963200e-01
   8.2828283e+01  -8.8145336e-01
   8.3838384e+01  -8.4972543e-01
   8.4848485e+01  -8.1457595e-01
   8.5858586e+01  -7.7614646e-01
   8.6868687e+01  -7.3459171e-01
   8.7878788e+01  -6.9007901e-01
   8.8888889e+01  -6.4278761e-01
   8.9898990e+01  -5.9290793e-01
   9.0909091e+01  -5.4064082e-01
   9.1919192e+01  -4.8619674e-01
   9.2929293e+01  -4.2979491e-01
   9.3939394e+01  -3.7166246e-01
   9.4949495e+01  -3.1203345e-01
   9.5959596e+01  -2.5114799e-01
   9.6969697e+01  -1.8925124e-01
   9.7979798e+01  -1.2659245e-01
   9.8989899e+01  -6.3423920e-02
   1.0000000e+02  -2.4492936e-16
   1.0101010e+02   6.3423920e-02
   1.0202020e+02   1.2659245e-01
   1.0303030e+02   1.8925124e-01
   1.0404040e+02   2.5114799e-01
   1.0505051e+02   3.1203345e-01
   1.0606061e+02   3.7166246e-01
   1.0707071e+02   4.2979491e-01
   1.0808081e+02   4.8619674e-01
   1.0909091e+02   5.4064082e-01
   1.1010101e+02   5.9290793e-01
   1.1111111e+02   6.4278761e-01
   1.1212121e+02   6.9007901e-01
   1.1313131e+02   7.3459171e-01
   1.1414141e+02   7.7614646e-01
   1.1515152e+02   8.1457595e-01
   1.1616162e+02   8.4972543e-01
   1.1717172e+02   8.8145336e-01
   1.1818182e+02   9.0963200e-01
   1.1919192e+02   9.3414786e-01
   1.2020202e+02   9.5490224e-01
   1.2121212e+02   9.7181157e-01
   1.2222222e+02   9.8480775e-01
   1.2323232e+02   9.9383846e-01
   1.2424242e+02   9.9886734e-01
   1.2525253e+02   9.9987413e-01
   1.2626263e+02   9.9685478e-01
   1.2727273e+02   9.8982144e-01
   1.2828283e+02   9.7880245e-01
   1.2929293e+02   9.6384216e-01
   1.3030303e+02   9.4500082e-01
   1.3131313e+02   9.2235429e-01
   1.3232323e+02   8.9599377e-01
   1.3333333e+02   8.6602540e-01
   1.3434343e+02   8.3256985e-01
   1.3535354e+02   7.9576184e-01
   1.3636364e+02   7.5574957e-01
   1.3737374e+02   7.1269417e-01
   1.3838384e+02   6.6676900e-01
   1.3939394e+02   6.1815899e-01
   1.4040404e+02   5.6705986e-01
   1.4141414e+02   5.1367739e-01
   1.4242424e+02   4.5822652e-01
   1.4343434e+02   4.0093054e-01
   1.4444444e+02   3.4202014e-01
   1.4545455e+02   2.8173256e-01
   1.4646465e+02   2.2031053e-01
   1.4747475e+02   1.5800140e-01
   1.4848485e+02   9.5056043e-02
   1.4949495e+02   3.1727933e-02
   1.5050505e+02  -3.1727933e-02
   1.5151515e+02  -9.5056043e-02
   1.5252525e+02  -1.5800140e-01
   1.5353535e+02  -2.2031053e-01
   1.5454545e+02  -2.8173256e-01
   1.5555556e+02  -3.4202014e-01
   1.5656566e+02  -4.0093054e-01
   1.5757576e+02  -4.5822652e-01
   1.5858586e+02  -5.1367739e-01
   1.5959596e+02  -5.6705986e-01
   1.6060606e+02  -6.1815899e-01
   1.6161616e+02  -6.6676900e-01
   1.6262626e+02  -7.1269417e-01
   1.6363636e+02  -7.5574957e-01
   1.6464646e+02  -7.9576184e-01
   1.6565657e+02  -8.3256985e-01
   1.6666667e+02  -8.6602540e-01
   1.6767677e+02  -8.9599377e-01
   1.6868687e+02  -9.2235429e-01
   1.6969697e+02  -9.4500082e-01
   1.7070707e+02  -9.6384216e-01
   1.7171717e+02  -9.7880245e-01
   1.7272727e+02  -9.8982144e-01
   1.7373737e+02  -9.9685478e-01
   1.7474747e+02  -9.9987413e-01
   1.7575758e+02  -9.9886734e-01
   1.7676768e+02  -9.9383846e-01
   1.7777778e+02  -9.8480775e-01
   1.7878788e+02  -9.7181157e-01
   1.7979798e+02  -9.5490224e-01
   1.8080808e+02  -9.3414786e-01
   1.8181818e+02  -9.0963200e-01
   1.8282828e+02  -8.8145336e-01
   1.8383838e+02  -8.4972543e-01
   1.8484848e+02  -8.1457595e-01
   1.8585859e+02  -7.7614646e-01
   1.8686869e+02  -7.3459171e-01
   1.8787879e+02  -6.9007901e-01
   1.8888889e+02  -6.4278761e-01
   1.8989899e+02  -5.9290793e-01
   1.9090909e+02  -5.4064082e-01
   1.9191919e+02  -4.8619674e-01
   1.9292929e+02  -4.2979491e-01
   1.9393939e+02  -3.7166246e-01
   1.9494949e+02  -3.1203345e-01
   1.9595960e+02  -2.5114799e-01
   1.9696970e+02  -1.8925124e-01
   1.9797980e+02  -1.2659245e-01
   1.9898990e+02  -6.3423920e-02
   2.0000000e+02  -4.8985872e-16
   2.0101010e+02   6.3423920e-02
   2.0202020e+02   1.2659245e-01
   2.0303030e+02   1.8925124e-01
   2.0404040e+02   2.5114799e-01
   2.0505051e+02   3.1203345e-01
   2.0606061e+02   3.7166246e-01
   2.0707071e+02   4.2979491e-01
   2.0808081e+02   4.8619674e-01
   2.0909091e+02   5.4064082e-01
   2.1010101e+02   5.9290793e-01
   2.1111111e+02   6.4278761e-01
   2.1212121e+02   6.9007901e-01
   2.1313131e+02   7.3459171e-01
   2.1414141e+02   7.7614646e-01
   2.1515152e+02   8.1457595e-01
   2.1616162e+02   8.4972543e-01
   2.1717172e+02   8.8145336e-01
   2.1818182e+02   9.0963200e-01
   2.1919192e+02   9.3414786e-01
   2.2020202e+02   9.5490224e-01
   2.2121212e+02   9.7181157e-01
   2.2222222e+02   9.8480775e-01
   2.2323232e+02   9.9383846e-01
   2.2424242e+02   9.9886734e-01
   2.2525253e+02   9.9987413e-01
   2.2626263e+02   9.9685478e-01
   2.2727273e+02   9.8982144e-01
   2.2828283e+02   9.7880245e-01
   2.2929293e+02   9.6384216e-01
   2.3030303e+02   9.4500082e-01
   2.3131313e+02   9.2235429e-01
   2.3232323e+02   8.9599377e-01
   2.3333333e+02   8.6602540e-01
   2.3434343e+02   8.3256985e-01
   2.3535354e+02   7.9576184e-01
   2.3636364e+02   7.5574957e-01
   2.3737374e+02   7.1269417e-01
   2.3838384e+02   6.6676900e-01
   2.3939394e+02   6.1815899e-01
   2.4040404e+02   5.6705986e-01
   2.4141414e+02   5.1367739e-01
   2.4242424e+02   4.5822652e-01
   2.4343434e+02   4.0093054e-01
   2.4444444e+02   3.4202014e-01
   2.4545455e+02   2.8173256e-01
   2.4646465e+02   2.2031053e-01
   2.4747475e+02   1.5800140e-01
   2.4848485e+02   9.5056043e-02
   2.4949495e+02   3.1727933e-02
   2.5050505e+02  -3.1727933e-02
   2.5151515e+02  -9.5056043e-02
   2.5252525e+02  -1.5800140e-01
   2.5353535e+02  -2.2031053e-01
   2.5454545e+02  -2.8173256e-01
   2.5555556e+02  -3.4202014e-01
   2.5656566e+02  -4.0093054e-01
   2.5757576e+02  -4.5822652e-01
   2.5858586e+02  -5.1367739e-01
   2.5959596e+02  -5.6705986e-01
   2.6060606e+02  -6.1815899e-01
   2.6161616e+02  -6.6676900e-01
   2.6262626e+02  -7.1269417e-01
   2.6363636e+02  -7.5574957e-01
   2.6464646e+02  -7.9576184e-01
   2.6565657e+02  -8.3256985e-01
   2.6666667e+02  -8.6602540e-01
   2.6767677e+02  -8.9599377e-01
   2.6868687e+02  -9.2235429e-01
   2.6969697e+02  -9.4500082e-01
   2.7070707e+02  -9.6384216e-01
   2.7171717e+02  -9.7880245e-01
   2.7272727e+02  -9.8982144e-01
   2.7373737e+02  -9.9685478e-01
   2.7474747e+02  -9.9987413e-01
   2.7575758e+02  -9.9886734e-01
   2.7676768e+02  -9.9383846e-01
   2.7777778e+02  -9.8480775e-01
   2.7878788e+02  -9.7181157e-01
   2.7979798e+02  -9.5490224e-01
   2.8080808e+02  -9.3414786e-01
   2.8181818e+02  -9.0963200e-01
   2.8282828e+02  -8.8145336e-01
   2.8383838e+02  -8.4972543e-01
   2.8484848e+02  -8.1457595e-01
   2.8585859e+02  -7.7614646e-01
   2.8686869e+02  -7.3459171e-01
   2.8787879e+02  -6.9007901e-01
   2.8888889e+02  -6.4278761e-01
   2.8989899e+02  -5.9290793e-01
   2.9090909e+02  -5.4064082e-01
   2.9191919e+02  -4.8619674e-01
   2.9292929e+02  -4.2979491e-01
   2.9393939e+02  -3.7166246e-01
   2.9494949e+02  -3.1203345e-01
   2.9595960e+02  -2.5114799e-01
   2.9696970e+02  -1.8925124e-01
   2.9797980e+02  -1.2659245e-01
   2.9898990e+02  -6.3423920e-02
   3.0000000e+02  -7.3478808e-16
   3.0101010e+02   6.3423920e-02
   3.0202020e+02   1.2659245e-01
   3.0303030e+02   1.8925124e-01
   3.0404040e+02   2.5114799e-01
   3.0505051e+02   3.1203345e-01
   3.0606061e+02   3.7166246e-01
   3.0707071e+02   4.2979491e-01
   3.0808081e+02   4.8619674e-01
   3.0909091e+02   5.4064082e-01
   3.1010101e+02   5.9290793e-01
   3.1111111e+02   6.4278761e-01
   3.1212121e+02   6.9007901e-01
   3.1313131e+02   7.3459171e-01
   3.1414141e+02   7.7614646e-01
   3.1515152e+02   8.1457595e-01
   3.1616162e+02   8.4972543e-01
   3.1717172e+02   8.8145336e-01
   3.1818182e+02   9.0963200e-01
   3.1919192e+02   9.3414786e-01
   3.2020202e+02   9.5490224e-01
   3.2121212e+02   9.7181157e-01
   3.2222222e+02   9.8480775e-01
   3.2323232e+02   9.9383846e-01
   3.2424242e+02   9.9886734e-01
   3.2525253e+02   9.9987413e-01
   3.2626263e+02   9.9685478e-01
   3.2727273e+02   9.8982144e-01
   3.2828283e+02   9.7880245e-01
   3.2929293e+02   9.6384216e-01
   3.3030303e+02   9.4500082e-01
   3.3131313e+02   9.2235429e-01
   3.3232323e+02   8.9599377e-01
   3.3333333e+02   8.6602540e-01
   3.3434343e+02   8.3256985e-01
   3.3535354e+02   7.9576184e-01
   3.3636364e+02   7.5574957e-01
   3.3737374e+02   7.1269417e-01
   3.3838384e+02   6.6676900e-01
   3.3939394e+02   6.1815899e-01
   3.4040404e+02   5.6705986e-01
   3.4141414e+02   5.1367739e-01
   3.4242424e+02   4.5822652e-01
   3.4343434e+02   4.0093054e-01
   3.4444444e+02   3.4202014e-01
   3.4545455e+02   2.8173256e-01
   3.4646465e+02   2.2031053e-01
   3.4747475e+02   1.5800140e-01
   3.4848485e+02   9.5056043e-02
   3.4949495e+02   3.1727933e-02
   3.5050505e+02  -3.1727933e-02
   3.5151515e+02  -9.5056043e-02
   3.5252525e+02  -1.5800140e-01
   3.5353535e+02  -2.2031053e-01
   3.5454545e+02  -2.8173256e-01
   3.5555556e+02  -3.4202014e-01
   3.5656566e+02  -4.0093054e-01
   3.5757576e+02  -4.5822652e-01
   3.5858586e+02  -5.1367739e-01
   3.5959596e+02  -5.6705986e-01
   3.6060606e+02  -6.1815899e-01
   3.6161616e+02  -6.6676900e-01
   3.6262626e+02  -7.1269417e-01
   3.6363636e+02  -7.5574957e-01
   3.6464646e+02  -7.9576184e-01
   3.6565657e+02  -8.3256985e-01
   3.6666667e+02  -8.6602540e-01
   3.6767677e+02  -8.9599377e-01
   3.6868687e+02  -9.2235429e-01
   3.6969697e+02  -9.4500082e-01
   3.7070707e+02  -9.6384216e-01
   3.7171717e+02  -9.7880245e-01
   3.7272727e+02  -9.8982144e-01
   3.7373737e+02  -9.9685478e-01
   3.7474747e+02  -9.9987413e-01
   3.7575758e+02  -9.9886734e-01
   3.7676768e+02  -9.9383846e-01
   3.7777778e+02  -9.8480775e-01
   3.7878788e+02  -9.7181157e-01
   3.7979798e+02  -9.5490224e-01
   3.8080808e+02  -9.3414786e-01
   3.8181818e+02  -9.0963200e-01
   3.8282828e+02  -8.8145336e-01
   3.8383838e+02  -8.4972543e-01
   3.8484848e+02  -8.1457595e-01
   3.8585859e+02  -7.7614646e-01
   3.8686869e+02  -7.3459171e-01
   3.8787879e+02  -6.9007901e-01
   3.8888889e+02  -6.4278761e-01
   3.8989899e+02  -5.9290793e-01
   3.9090909e+02  -5.4064082e-01
   3.9191919e+02  -4.8619674e-01
   3.9292929e+02  -4.2979491e-01
   3.9393939e+02  -3.7166246e-01
   3.9494949e+02  -3.1203345e-01
   3.9595960e+02  -2.5114799e-01
   3.9696970e+02  -1.8925124e-01
   3.9797980e+02  -1.2659245e-01
   3.9898990e+02  -6.3423920e-02
   4.0000000e+02  -9.7971744e-16
